395570
5867292
1844690
5704716
5969231
5962724
72993
5882941
3843184
5758218
5818300
330748
5866126
5892405
283112
37205
8968
5995287
69694
5734789
1086
490434
65499
197533
234187
382009
345998
5827998
2693702
3187
208979
94501
66238
352440
1138173
1717552
52058
5828361
677443
5813999
5670643
173248
5713377
1303400
224630
116459
77869
894671
241035
5800210
2185558
1976518
4044763
5875647
2074860
1427
5899758
799548
5141124
1304814
1150
510623
131485
5704484
984841
638
608
5519427
2984110
5670673
14738
5857621
5886628
131582
702
590063
659758
5634668
378408
365463
2752602
605012
285199
468872
67014
22530
660382
5812036
3301111
5818834
5677079
5977740
624009
220157
24425
5869711
334532
432028
5599847
1114
46558
49822
1008455
1287516
5883814
36421
5880761
5688507
3965397
123034
5868109
46914
808729
5852141
2746702
509396
5864469
1451040
5695493
2338151
4160754
20315
682
1102688
497115
698
4344608
5807439
3539096
30568
370774
6414
333574
48298
4976
473548
27124
5860395
5770263
5849768
273932
5726328
5928045
5699931
5899028
5760924
43122
145814
5867232
2930778
70269
85606
5800275
5751246
5931113
15488
1094999
5842933
360744
4576196
1165
5922589
5768910
232559
74466
5853760
5796571
28761
5868442
25615
605
1741542
5840233
192506
844943
399717
5909759
73386
15781
104857
5859021
5790652
5875786
5885529
5904874
106018
188451
5975983
262502
61381
75188
5864881
1870831
27435
173411
2877484
5710739
612643
165063
63266
5854774
5871679
70740
5573757
95796
760055
5782229
7029
364236
170702
4406965
16261
5760627
5721703
1008387
5925557
5737227
171718
912116
5826882
3782897
5757183
237562
140047
1575076
315586
149243
442664
454686
9409
72909
1253239
5343809
924749
485883
294226
1366065
2853485
164519
410170
5419135
5851162
2033691
49293
90313
5747254
7443
23753
5705682
98645
5934023
1589905
5774110
5863751
5365840
216758
348320
5859638
645558
127065
567200
63720
118660
5959428
102056
245719
5044100
5863782
74315
47001
5793552
3755518
129016
4630767
880115
44637
35921
5960674
5900502
3985265
5839497
389990
5852663
194744
5912495
142532
5942345
294928
120802
203665
366446
391305
5671860
444818
6036140
5859539
342112
240752
5899001
5712128
63030
1517928
5859420
5765896
3428090
5719774
1958148
685989
142081
5729815
5694985
5897076
4511
93347
1337214
1311396
595723
175622
1642746
1178494
333454
5889894
1139
96958
71567
1730831
63317
213443
18230
246380
243877
5910271
26821
5700423
5771404
381053
5686855
150554
5731422
5930769
906383
5843290
3672466
228893
338903
16073
765127
883288
5682216
5732781
5042938
5785928
1505441
5757090
5817855
106639
5881083
5901741
5690683
255597
2419522
2464838
894153
213965
5921749
1110703
5885157
409220
16772
293015
24851
5754644
366774
5861980
1465168
42628
88801
5716722
8343
359782
1199481
62507
5870475
4881350
5752950
874047
27209
5818814
5260089
542043
34356
5697983
36600
5731658
5732210
547842
595735
5782326
5913888
5736649
1904107
5891415
656837
133427
272827
100224
3111255
5837931
97336
5890500
38859
15196
294423
60793
5939312
5840059
68249
102638
3675467
394153
2999814
2939
12151
2947397
444427
279389
679
5899037
2493731
732265
5834567
254957
5799767
5964189
5923354
5836653
5724579
15233
612
193774
252354
96342
4402
484586
521383
5835077
31769
1429
10977
53238
5728334
5676616
111960
1023742
260231
5755546
366921
21337
23901
137428
30978
5885031
1033287
5750879
5898626
5702141
5565283
5795669
5951284
4062406
162347
4721995
1204452
390321
755692
5749590
893091
5667054
464048
1425470
5737671
185677
34913
3556440
2328172
229472
393388
298712
13583
5767203
129093
224608
719
5917826
5753203
1901668
30418
5925161
5876142
5842433
180755
5001358
121385
5839375
1085457
5865560
5217
1078352
5899224
426083
5682536
4222102
251802
18704
5770735
3461151
2385067
5904862
12137
19080
21744
5862662
5812641
113415
4004609
5816024
443489
409906
430502
5887823
6001141
37965
1075839
729220
26760
191295
444860
146399
5541925
2273045
1824
5706674
3673756
5915253
965197
279994
4120
361050
5881398
1055990
825438
5830556
5938849
5831775
1275616
335088
44851
654611
644
5848584
21440
5891813
5884981
52421
5790129
5879814
1117
70729
4009394
90558
716672
274850
622373
5843745
5723552
1976711
62595
5911102
5910030
5832932
5806766
22284
1248058
514998
72751
1653924
1924
24048
5904286
5888683
46990
5983644
5638685
3236
5479480
732570
5636260
5597310
5363575
2233902
941192
5614042
1104
5496268
16618
5631694
213594
110883
5451684
5632958
939153
2796808
5697441
132233
681
2605194
5401304
158770
5825
1309874
219519
100295
486225
2104477
31539
2371717
5473819
15734
166984
422520
205992
795440
47077
5577482
25458
465862
3072769
330849
102598
563617
198928
2378688
415902
78618
6263
8185
5479220
5133715
4577528
363383
1193336
5096731
5665634
2417280
1710864
2006159
5627333
11941
5684717
5458761
68331
11379
5633816
3622
2186750
5430118
5427638
5475879
5488814
5630812
1240412
3426674
342238
5606490
897903
5602250
5514886
139837
129808
5671642
5504540
2853016
1198
4810224
1127941
1930329
3031653
109979
672
5475177
5617451
54534
75668
4491315
5492630
3425634
5644084
5633082
5597641
16352
36326
27829
114030
3427555
5729085
2654550
5429898
27489
50224
5697748
5499160
41552
5619960
1837018
80734
103054
7935
120823
9399
79641
2218105
5449333
5505958
54776
5651954
810360
437173
60753
104815
10595
643
4937390
36714
5588848
1463867
32878
137486
5685281
5631808
3928885
4127011
3272846
39133
5749666
500567
5698940
5240
3529101
5680640
708529
24652
147452
5686566
5648780
5743344
38849
5780274
835080
54723
5696930
41394
1473041
3735320
5665564
5782055
1517824
4359993
331861
5645385
29246
1096384
103975
20706
5707478
14961
23527
5750284
250903
139790
27073
5785897
937678
27408
813000
5676773
5677344
3453860
1237
128557
870559
224071
51001
300255
31962
398326
569150
5765757
313174
177831
134769
7204
979798
5683657
855798
1258310
3250570
16803
17824
24649
5651026
5775052
1110
5617221
721099
5717220
5798993
22591
2555010
56037
578114
5708626
5716021
740532
362572
5664601
5797038
198659
1630702
336274
5744595
5795141
1762578
1181
393591
279843
5804111
68292
26075
760
5698192
5811958
82633
223727
112441
666
5776480
5594618
1160
5767741
5756423
532095
5730828
2068862
1038393
5787129
200159
5848829
2344735
282818
190633
2563466
5814379
3059033
20303
72230
5765273
15817
1065964
5696048
618859
381472
56228
2109465
5732024
1085126
5108439
28914
74670
5665142
5877
5853512
11468
5816289
5624959
1107
17587
5687172
288616
5813541
105849
5690561
5725543
5773724
2377730
1031176
5853252
136193
1608741
219519
5859587
5915254
3642
5696572
218110
4062180
14034
5867441
1084
574677
2045111
573001
83863
4266997
5780296
5703068
38839
5611326
5773857
5642621
4829581
5704632
562737
22363
5756951
5660241
5815794
5766501
249100
125627
873563
5902705
79609
5782121
360065
36944
1579623
210945
5826860
5774679
5692394
5818387
3562016
5675928
5786267
4961960
5739640
5118833
204792
1303167
5599762
199128
1752324
5699124
5766210
5689657
1598748
5502689
5733111
5558550
2656721
202368
631
13582
1037187
5679144
399758
42090
5604292
1536402
1182
174821
34349
5747205
3404
998205
5844423
1377180
5732551
2380687
5841855
214646
5694741
5664332
5663847
145599
5739396
5174438
5786112
39805
2399
21869
995021
232918
66974
3003469
5907222
131286
110225
5821528
971112
5742885
5817400
25367
33776
1303762
5807325
624701
659248
5786259
5115499
5562137
3153220
5843963
5697546
5822395
1473692
5718818
1098
1151730
5616566
5764390
474273
5665549
959694
5687581
5742077
330281
597187
5769719
4308081
5749817
1010165
131166
5830182
5741700
5755008
194446
1081257
4715525
5770089
1559614
2550356
3340251
5259009
4449748
5736117
3163351
1820815
5783493
5781330
5661721
1730857
5771071
361504
5684543
5813899
3990546
2570997
5788226
5807864
5665771
1325618
53767
1260709
5856949
204629
46461
3620752
914035
1273507
29899
4618166
122183
876089
5701038
20746
913595
37924
1415107
5646067
1642056
227738
5661842
202158
566784
5688555
5136423
604584
1834507
5734893
23172
22668
118859
23481
5645421
99572
844698
119025
197729
68612
183370
203289
36234
65612
5491573
850391
81527
5637330
386708
1283589
17661
5762001
5614248
210200
184413
3587068
1913483
40990
5728370
216714
1812266
5606390
5759821
3061291
332525
2877078
5602012
5741139
5721209
5662192
5742306
5676296
1078
386182
5678885
120839
92180
5606132
165841
42586
102189
230440
540756
5794735
237061
5765502
4400156
88291
3123334
5732013
5743087
1290922
5648266
5637475
5687841
36519
1195951
38164
5664908
5686811
1198810
5722047
1085
5767154
1103206
1341431
434001
5735911
89650
1093314
641
5772872
133176
32397
644363
5624325
1069564
85246
687
5217533
5744826
338021
135300
1034804
5197109
4352047
5670992
12829
5636611
1116
3995476
585698
2658039
1425848
5756229
5688818
2580708
298142
5753180
81309
5713256
5704708
5650841
166786
184442
5733625
5630601
5745395
1762894
4356696
5637238
1098027
258512
5713152
86482
130794
1832547
5643845
20645
1443163
5600855
2181100
5646568
5754774
125689
258110
5746353
45427
79371
108889
5688875
5686018
47098
16426
66695
5727691
149597
10172
25530
355353
5798016
244558
5848951
5854162
2568353
1615609
163854
5733219
299173
880890
5677238
5730434
3524678
224085
44690
1054058
5688215
40219
8585
477731
5734649
328652
5733630
5614241
50237
654
5645181
456525
319179
5780858
5740166
5637828
5603848
264214
5726521
5682489
29903
303760
260172
798297
635
5647652
101478
5178815
483988
354158
3752605
349140
3566661
4648593
1974484
5601196
5636554
5672297
351093
49340
42159
64106
5749443
5768307
5751112
342041
261360
664514
33931
5602460
1117
73897
5096696
5743274
792166
1623187
39950
5655647
5755315
1664
190305
1192099
5734232
271941
23262
949081
5708924
5644886
5799174
205932
5669998
5812866
3328769
920767
952564
37548
5582742
614073
160424
5718040
295925
1126913
1938565
96051
4825355
1120693
5867107
5628090
23323
574783
5649267
2823249
455469
5598004
66583
132183
80756
4437067
5745444
5714051
5754595
11861
5630894
5623624
764337
576975
5619930
2787236
660149
5650800
5761074
21461
5664261
26126
5632465
1257077
437495
4502612
104189
24657
5593153
1718092
154417
5767557
590826
13827
55755
58244
660
390000
46824
93697
75563
4947811
475278
871653
620
5652133
92070
3494126
620329
280529
693
1598190
1671054
5618994
5648657
1659014
5689883
153557
5675686
27049
77330
5657419
5750730
856021
196129
5734242
5573312
12040
347724
11351
5641829
5766279
623719
5707388
130636
135297
39635
35247
112046
624215
18909
5807547
880674
77876
5108962
1222596
5051775
443772
5744603
68704
717
5761367
23892
27149
651899
2548878
741455
1274302
5775905
5664131
606546
5614957
84476
560070
1862137
5639580
1122
24472
123073
970335
89134
5724257
519934
847627
267491
7449
2484
5753744
5646630
14470
118020
238906
5594915
687910
542081
5524632
5748421
5604604
405677
838728
1269214
92710
5646221
40753
113880
980926
248904
1736068
5602148
2242842
5755039
5647272
1087
96184
180214
5742228
1846405
1791454
5726961
1060
608299
579
5719728
5656726
5686011
878750
296067
269618
103941
36283
1063122
5785888
5698053
1162021
5590215
5678521
269295
4262511
12850
5729158
413591
5639197
2341241
59891
1597015
1912
5748292
88012
1217997
40374
1307835
3580398
2321825
138144
137124
666
1354716
1444098
33803
1007393
614
62370
1632154
118828
5609787
2593139
3100
991113
47560
5762192
830552
600277
5741916
740277
5769534
287166
638773
5582644
5650350
105485
1255203
5557795
1947548
10387
1162447
5711058
1073079
674
5119738
91150
824489
75588
2298151
5701675
26103
5665179
405079
67122
2482680
5749258
5604769
5742569
5786451
5714730
28487
5630644
1047769
250193
790053
960217
249552
5693766
151388
5742233
238005
650
5738312
5614268
86308
13323
260050
1253365
5826693
2115600
5610542
2688296
296618
5653594
2761300
3313444
159986
367122
270671
109974
5730963
5713026
1234531
38719
164035
425383
101028
2271160
1740707
5724382
466818
702185
4038121
8952
5647819
1250352
16020
799970
5568710
5563941
1982610
5622931
5624138
5739777
224112
71466
5693068
5765238
43976
235045
5624117
5607941
553803
5705404
4480941
5658221
5581514
836283
5644886
37215
602
10004
88046
892292
2450895
5775002
6405
34978
71939
5631648
62978
713183
831678
5715463
35851
17705
5631479
4753390
5696129
4909363
5632237
315862
2271
499849
211267
5578377
5723636
483896
403972
27457
351898
5690250
5717394
17182
5737772
5776342
5357
5613956
1342952
5756022
462735
120816
1541751
1658930
3662127
1222
5723988
5705404
5685466
1065
1079369
13499
5685675
5746767
5625626
2203066
2938129
753761
25935
5505933
3273156
197693
719718
29063
5630949
920955
742007
336024
56840
5726539
5629860
5608669
5510434
5217180
5605741
5767765
5537707
18816
487054
5740924
1581612
5636674
5680822
1848004
4158130
397618
3697452
5639390
46266
9635
1120300
4368611
57978
1926217
23353
5229079
1729
5704475
5641474
5639200
68425
5775576
752056
136397
18874
934660
48427
29589
161806
3570076
5625138
128220
7687
5756861
751957
26272
688270
5260543
5642311
5676161
412151
5713687
5753384
5230645
5615846
5703347
2554734
1131
42316
461950
408669
5727744
879792
605265
5770210
5703943
1684230
387893
5582922
1451953
37181
5422329
5719873
32441
227846
273979
5033
206419
365436
5639440
721660
816912
9365
5695652
435991
2508386
5330038
5657557
5750762
793080
5711545
5687109
175743
82132
5706462
677723
563176
21815
591
293242
4422611
455118
3898146
2058171
12016
56301
143619
5751068
554586
21276
5732514
1810258
1243707
5766347
2846895
1287425
5749149
621264
5073065
52538
5736762
5702003
8164
5763523
272642
5752257
4561319
58944
12900
9718
282091
95537
88120
1216323
3233820
127344
64069
458997
5544482
184631
33896
5629229
318103
53606
807430
651
79411
5612970
5621200
3186866
36868
1270788
5781333
37260
3452371
5816808
229553
118220
5738230
1348848
90347
5873054
5635355
5743657
261754
131830
82211
602484
622310
321481
151229
110467
1421236
53044
92149
5707158
5759321
666792
5619743
1720146
165040
9793
5788137
27957
1294707
21900
131660
679
5206089
2154384
1775
7465
1963357
133903
5604297
5634312
554378
5741821
5776202
1090
14584
5611388
5707535
69084
5518109
2225495
145296
893463
141576
5721489
5722905
186471
651587
5728101
2764337
297944
3075355
5579868
4618279
5624109
62515
5463518
553257
615
5665792
93086
1460
5759351
5725109
5735063
1074
22002
1052846
598
5709282
5654934
1087
3942604
2022337
4884019
5202518
5767149
5782972
66867
633424
160134
244186
405373
5607078
5616193
27020
5787395
10555
1154626
51383
44337
2501148
53471
419216
353164
787987
26548
141697
427944
364204
234272
3507862
166758
165257
484176
5723857
5764278
5633032
1517826
5765132
31307
201902
102213
5672383
5773459
4424980
5722668
5772026
5640439
5695906
615789
5757907
5749453
458203
131362
644
258210
644
5716029
48801
11646
5632255
22267
2867472
34087
5722421
1077
653244
5728746
1082
214511
5692292
3200321
115451
5729446
579044
5682467
424039
5701167
88471
5734776
3669948
5617813
42041
1388354
96368
2712837
5735183
3101296
183754
1689208
5789651
392896
1005580
5711882
2611
660277
522420
588
16014
5835607
157001
5693238
5703267
5614487
330960
4856280
43906
1230248
131995
5775527
5621640
5833880
362430
122737
448401
5741469
122015
204297
5776966
111823
306210
235197
5752754
4531400
5630762
2294764
5297948
5735902
5586217
5819049
82100
10244
414438
4024272
2703243
5804107
301011
17510
5709921
5647211
5636294
788164
5562552
221471
5728574
5791377
2985837
4791149
5738867
78247
5622555
25770
5625745
599870
436966
5754155
5722060
1314133
5731939
110322
1513918
4299937
619803
14822
4597694
107975
33398
300734
5611485
900682
5786625
5632091
5609611
5704316
45598
509989
5111408
1228
5651784
255548
5797278
440766
5739917
1071
5809939
13556
75209
886
5653351
17065
5630865
5564148
205787
439603
5543129
5663442
322747
28595
127691
5619549
5775783
5728732
1715277
111050
1665442
365838
33266
5553987
1592551
52574
5765603
117879
5749261
1096
392071
21458
735964
4980171
60262
5748279
16176
799038
166086
142428
673007
5709639
53744
551535
621018
443574
924784
2746621
5639839
16699
392648
5579224
120265
77371
875951
2099197
5649464
5661114
1850642
417734
5745236
5283553
398750
968312
1261136
70526
146146
3979181
4931008
5666877
176840
1205217
1839774
104439
5821903
3263063
56780
5480990
144505
5423064
2709701
1230
689609
4590782
33602
5669933
198776
5765914
77487
2603320
750165
5830116
8033
1743318
22237
581435
5653471
329539
952018
58728
214381
448157
2385015
5639171
81276
807363
997089
41342
5604785
1210369
5609510
5786899
276065
5659414
5649287
5808166
1083
5799492
25933
5081711
119348
768806
410749
1642773
24064
630
212107
780627
937867
378283
5699449
89286
5655095
2719935
463263
5432173
92257
563876
94927
5869271
7276
667724
990312
1741234
1169
153954
5646432
444514
277180
5937388
5841819
103286
179212
698430
5718932
324075
5619577
27576
2193953
450605
2388192
588453
5462485
5676567
59162
5670058
5832225
4970308
1014613
1116285
5767290
2614
95672
5589249
5852015
1430505
5372902
5671958
11694
5871907
38674
1483092
183936
2482852
248896
5827124
5637915
104254
89280
10543
110974
5240928
4511689
200500
2527159
7684
5697481
5640299
176977
5589170
5603829
2438549
196710
552200
5674188
98000
1024550
179482
10073
4374940
5748029
5816436
142403
5945485
4016011
39679
5848451
5832437
5572717
5651354
30548
5671780
5993978
4893905
228133
5657110
1347983
5605427
1231607
5590086
11042
3134988
5035921
5636152
5632560
207759
68073
5462245
186389
5619810
5634166
5621456
1123
5676181
1099
54370
310067
1910104
72919
370571
3344402
5606116
5076024
5360
4601838
140299
4756573
5458448
694967
193537
5536494
119271
29370
5682248
3881310
816714
30089
253304
680
5500636
5500707
223804
756232
42194
552018
5509356
5494836
5593526
1459853
5252682
5689678
5536627
1118
4292765
275530
240323
3811021
5510701
20131
5723362
5732644
5521190
242642
3670071
305990
5494517
1546856
52920
705
738134
95678
340996
5472316
5734479
5609661
57919
1508429
275956
138089
19853
3726592
222755
827124
10160
93297
26845
923188
41959
750711
62242
5511458
5654381
5498353
5476263
2139939
3849033
48271
5434441
301331
440601
610
1749251
1426487
5688739
219696
25942
44156
314456
565419
76240
5484681
191789
494575
1025194
142621
5501794
5655473
5496911
5616369
281423
5678331
394681
5643411
9905
3609631
1010020
5479059
2414160
5501399
322449
793326
19118
245594
5657123
2262533
8333
46904
1657511
4418218
3467750
5420870
728137
238239
1806649
554343
5663883
5712847
662489
611
98444
18179
5457399
193825
1252303
117389
2155429
5661747
169668
14667
235423
4950190
26617
4021994
433928
227000
212074
109627
148280
97129
231353
3447131
5657651
297910
1451668
5521559
3868663
5436480
30659
649830
1463859
5515346
5468877
1097
5527336
80390
711579
5694321
5663292
110105
20050
25994
5613421
5774801
5435848
2094045
9831
5688750
1096
83684
183452
5575510
4759243
313774
5681568
768348
472004
5681314
71961
44193
2233634
176458
375147
48401
9957
616
2837497
29226
5456733
134281
9323
72933
289783
19748
1557291
5585491
5704560
5713460
456097
5718561
143883
3927248
5661539
5686968
847767
22932
4487377
5692370
560045
5667553
38500
5689130
47383
5710529
7215
15164
57787
1401298
55561
63408
1029468
5701175
127024
643275
16384
1621855
5577961
5454952
3059186
115511
5745698
5661580
11133
56024
5464780
282684
1567015
1885
5488249
330936
5641257
1130
5723524
67401
1300337
5524797
3901021
1413805
735370
5775168
134103
5643209
23258
1657879
259713
26112
1877447
5605015
2479682
1731688
1223409
724014
5548709
1112
15630
163571
80639
1118585
684004
2545494
862091
5240431
44687
3080144
1216908
159996
49742
23109
280810
5657451
5465556
58235
216757
824391
279463
5710783
5532925
5675112
3475074
5449513
471692
4244767
1228
64358
46157
40164
264172
12672
540596
185957
317407
2877736
74117
1358696
227832
792010
242658
237428
1724740
5567043
1141
1698408
5678134
5476167
3581963
622399
81987
5677718
654042
648
5684412
5522634
324485
265098
394045
1438383
386375
71050
5747753
5711089
5681421
5496291
542075
5690535
3953666
578042
958241
4114378
740293
186977
5738285
154049
5669781
5728867
5761121
1104
600
424863
192000
24445
5645351
238775
148541
5520506
128763
5527947
3271796
5450953
2955591
39971
12154
947419
314411
1121687
644410
5416953
5516326
4404648
25654
5650558
5473908
67007
121594
666352
5519251
5646147
5535493
13778
1334045
13336
2767556
87709
2271715
198045
130164
54091
66455
5727688
5671461
5108849
12626
5526886
243639
117601
356838
5704073
463729
197035
2029389
5695117
5566220
1300791
5099446
1111872
515567
1251230
203717
44068
147806
150190
5503888
1238412
244878
161639
667467
71511
4934741
3515429
10023
5695908
3431858
5694715
4656310
5505152
5536816
559318
400970
5691784
1124
1199343
5502322
5674373
35920
391691
863371
468233
5426129
5543112
5672755
3758650
14575
10010
5584993
1099
5597869
497338
254218
4295659
2048544
2863041
5688845
56274
699
4744
2440
203882
861678
510997
4474822
5619965
5467686
2957944
5515568
218167
2177029
5493298
112602
1192493
1499936
5823363
5664233
53571
331175
33652
1566544
5670893
67653
5682606
5603890
272927
401722
971786
5656496
5537623
41977
1148319
454927
323590
5653021
300980
5664027
3028741
40484
5646954
4183439
5620023
2718635
50438
5658377
14057
5463269
325081
5425475
4244446
416759
541616
2036986
5697318
229888
31748
50119
2207139
5697553
53708
310389
58586
77383
5656022
3939119
5680057
5473837
1128396
1772771
855221
156164
1156431
12428
5741469
2050
3327613
5450036
5746216
305145
63297
701
5615426
639554
5432469
149955
42268
781516
29615
101342
676
472947
1453004
5652068
387979
5609830
2552697
5498722
3027329
190250
61253
5710510
5484293
5478689
163963
332816
5558453
435762
5486508
5573607
1742124
288466
5503037
38983
5661675
1045425
261484
1325408
8293
1713032
25175
5428396
5457165
272580
5750060
297600
5655581
85688
653
5469554
3704807
83913
1800454
645753
2369125
5649614
5723420
118195
611598
1342664
15666
262919
5627196
5690692
5715707
5646338
48053
781243
1757457
1273928
5693583
5259162
1133993
1270124
5524460
1103
260727
487819
2729494
93006
317921
3794015
5670498
1099
159137
231614
5656827
1857001
72554
529812
62686
5454088
129628
18329
337506
5822761
89416
350556
5718552
5711229
40472
5652712
1535355
153330
453603
5791128
5496738
304661
1252982
5762093
159353
5536966
45389
5511964
5498225
122398
189589
30598
5500446
1130
5450443
419123
2103184
89358
3780632
594105
14253
1969829
776092
5465124
208719
372300
4915715
1071778
362783
47216
479109
5496346
70608
5517397
5216785
497216
5666083
3228884
5038434
2720320
22001
659876
17374
5525273
685550
5308535
5691851
90556
5698838
5565909
64324
18136
5684345
5496523
5554908
58107
131088
383776
5626535
36967
69318
623246
3232168
5685600
5652899
5580516
1367435
5487350
5509833
133853
3814992
5482143
607069
5536780
412184
5734420
5506962
1247436
1219
5710887
57740
85084
5696132
5559000
317177
15928
5731892
3937006
842355
1631631
5703276
107404
5522306
76885
14673
5461010
49648
1135598
195224
678
71429
5494531
139724
388426
73793
15523
2640148
195780
5680676
149057
5469084
5642600
4558590
149953
36561
13159
1809228
5637939
575026
790109
31836
156560
1395902
504413
298498
5399114
90058
5727963
12272
5492652
5557789
3341478
156137
25946
5616984
644261
281408
1179854
49510
368205
5735201
18457
51085
2947668
61026
19181
2868242
6229
726814
980607
5564541
39882
5704683
97159
6058
5768350
1312584
329433
269667
194742
5792321
5515668
440721
4331718
5565046
447433
5621426
5493343
72269
5517571
1323743
5667676
575377
5734150
2950436
49305
5479337
5585804
322843
5698717
3582
5713727
150941
565259
581
64136
338315
394298
5611704
5691517
1126
45647
5714851
1739732
41538
15518
676911
329360
5637527
5504221
133337
420947
861371
325430
129325
3377187
954716
35785
4265157
144089
53794
5498609
5497664
89437
5562843
5723569
5473528
97311
392438
5786258
5529075
2376
186234
5482346
486113
5569629
600811
363380
1143751
443050
110790
5466864
5680724
5745652
6002
5478087
2055572
725230
5735829
5468719
1043405
5659315
17329
1930584
2001490
5599822
5562403
5588445
3479989
5659124
1219316
46100
469829
5703581
1172069
143986
26091
5644923
5535636
3245982
5494520
38958
18238
3581066
1037305
40515
5477877
5686323
1002252
1456482
383427
5539463
241362
5469126
1311057
2026973
3599179
5696844
55841
4065705
103988
5699533
5466439
130040
5505725
30994
356952
5551892
901449
5630589
1109
3173851
4878469
21780
14449
887402
577285
131745
48917
1624085
5471566
657539
33375
480977
496439
531267
442773
5150095
5634264
592244
1902037
1264802
71907
155004
4329777
2301980
179056
5670849
107697
672899
12530
86146
35998
8885
2605315
5518206
5689977
34794
205233
8042
5563818
1719247
5542421
6293
5510704
419023
782364
5500992
5480180
203162
40259
672
124106
1204133
1167
5712783
1075723
12050
4187944
323961
474559
5486694
1112
562391
136523
5513879
541264
52313
4566778
492593
2924852
985563
5139
93495
535086
5686473
1787897
5478014
394162
5714071
5630001
59784
4975621
5503885
5469345
5700125
1698216
105394
921167
5518361
5541625
959620
112750
5619925
5692419
5584603
5810246
71687
4930461
107508
235260
689
609
5739651
5700624
3347147
2110422
1440308
2780575
4311
3647617
5648628
1246980
5561985
487559
148540
54125
329060
37285
203380
5519915
5734436
359520
5659182
2032415
2130508
185451
121356
129316
22393
5547293
5605753
38047
5661836
737221
5532732
5509970
43672
5642307
5499724
5490875
3600751
8433
610
202638
183703
94928
135788
5749779
47049
55252
881698
130421
957981
5774073
1392213
1188
5536745
4313516
1418384
5712999
2096532
3364
5524298
13248
5475764
5552689
1252667
5443834
5664751
458479
992026
1752257
424099
72630
63396
5570069
236731
1434262
5683083
52734
49805
5661691
1127
606
5658861
5527754
5485561
5532616
5688128
3266080
1421308
20376
384175
80790
1019555
5445915
972593
18262
89544
62480
651083
5713053
29117
33834
3103229
954131
693787
5721540
5691248
702293
5553069
5737366
5527945
18201
1847208
720079
581784
5525462
812486
3394451
5504557
976644
40633
5309672
5514766
5441838
5533216
9500
5630004
269955
8132
651752
48373
183095
102174
40795
5663986
2035969
3310930
648896
141083
5642647
5488100
123248
5639708
5449906
5644981
1572772
2661071
140296
309595
51490
43125
2268694
5712827
5554813
5686166
5561663
747063
891104
5746075
75342
18105
5470526
1067937
5667246
5517574
643436
3672852
5636502
268905
29822
862033
243502
4568179
180774
5717128
309533
5443582
15151
5510803
93354
207621
2338901
184345
5570560
3027402
34789
5536696
158832
5262790
339701
692479
4583764
5791083
2570386
182501
5500002
23567
9043
19509
5560790
1101
384852
77692
5686250
5482980
15084
5670473
129782
5456032
861965
22693
302331
698
307806
1608288
5706543
2114597
5636114
315161
282485
5700542
438649
5538831
5677833
5722977
5470688
235307
6347
681700
100474
5720100
5506016
16712
232024
154836
21395
156965
2490886
5507650
5516083
1108
5480237
275011
5670784
5501354
387356
18373
254897
3948
65479
