8
5
11
5
10
8
5
9
3302
12
73
19
9
45
17
313
101
19
15
10
2
11
282
25
5
2045
2652
5
37
2
8
4
402
38
6
13
11
154
17
8
9
871
21
26
14
5
17
7
4
5
41
2292
3446
22
16
3
7
14
2062
25
2
10
6
7
9
4
1
4
36
25
23
5
7
4
2
10
5
22
15
10
30
9
2069
34
418
24
13
52
33
5
6
14
15
34
224
5
13
11
6
3
15
385
6
16
6
8
8
22
29
11
11
9
9
11
32
30
6
15
4
18
3467
267
3
35
8
3
3697
6
9
19
10
44
5
381
28
4158
7
13
5
4
6
10
43
16
9
7
7
706
1428
4322
390
31
14
11
10
22
11
5
30
1838
3
7
500
72
9
82
33
378
19
231
2
2703
31
1439
9
18
10
9
16
30
14
43
8
138
10
10
28
8
22
22
318
5
18
26
7
29
38
20
7
497
5
12
261
19
609
21
5
8
10
684
49
4
6
9
45
6
31
5
6
6
2971
5
1290
11
11
26
7
2498
19
142
472
11
2386
8
9
18
28
3866
876
8
5
22
7
23
531
6
8
8
5
770
5
20
19
6
2199
1319
10
35
13
7
7
7
15
80
11
10
2005
21
22
5
22
41
8
1858
25
255
334
12
4
9
18
16
4
19
17
11
10
27
802
8
10
9
10
11
4
30
1236
34
28
6
290
3124
1758
5
42
9
23
6
892
111
7
7
6
41
27
18
6
56
39
8
8
48
3
409
11
14
6
9
5
21
22
6
299
8
7
1830
8
4
24
40
11
25
1396
12
1170
235
10
9
5
5
2900
10
12
5
6
41
5
30
13
6
3219
39
7338
33
6
15
14
7
29
5
13
12
2671
18
3389
325
338
6
92
7
7
14
11
6
12
8
41
570
6
5260
7
9
7
11
34
5
3190
27
32
9
35
41
8
9
48
14
3955
149
15
56
153
5
2361
374
5
10
268
15
35
34
18
2
102
38
2563
38
2
8
48
11
7
5
58
7
95
37
11
183
2
42
2535
369
20
3049
10
15
7
9
17
23
87
15
676
41
7
10
8
164
143
7
10
15
7
88
5
4
15
6
8
3481
16
1919
9
20
10
6
17
8
8
21
6
33
281
2684
20
17
17
6
211
8
8
1139
4
4
50
21
207
19
6
4
17
2059
571
5
7
525
26
16
36
13
5
3548
29
134
115
38
19
6
246
4
43
11
5
14
3137
12
26
1120
11
119
8
461
15
15
227
31
15
27
10
19
3
50
3104
2138
13
19
20
1440
6
8
18
5
25
8
22
843
34
7920
3
83
193
81
61
240
31
35
3
328
3157
40
35
37
4429
6
9
24
26
19
16
9
5
252
21
30
518
6
2
9
5
4
288
4
5
14
7
6
4535
1577
38
7
10082
5
2
8
214
56
1606
289
2479
1024
5166
3310
12
795
2
3151
2576
253
39
1551
1130
7
2160
3062
262
2706
5
65
746
1514
1217
7446
6
508
58
2986
4231
2763
369
2252
489
3234
2620
221
28
108
1934
2609
3711
7
5338
2680
5
4020
2571
2532
9
7
7
76
401
108
12
11
2416
2520
6
509
12
241
5454
2612
802
22
5188
4
3958
5
862
12
204
4058
2
1808
6
2773
3902
170
2
309
240
4
215
2009
6
2437
191
14
7
254
96
211
461
2584
5
3721
5
377
150
6
6
201
8
2189
232
618
40
501
105
324
7
27
32
174
99
8670
1706
459
388
136
2
2100
73
2529
3172
9
725
5
5
2475
3316
2378
112
6
2723
5
37
2400
76
4471
230
584
6
5
1022
177
148
7
216
22
324
6
3809
38
534
1616
3452
2026
7
279
5640
664
122
177
131
5
11
1282
581
109
349
9414
173
8860
245
20
2429
3
508
5564
1344
85
1629
209
1567
4224
5
1769
495
955
38
5127
6
7473
5415
2346
79
159
135
5
19
3
5
8400
15
13
93
3147
200
5
5
5
4625
489
11
5
591
2947
1629
61
226
2515
2
797
6
9
199
6
3
5
533
465
6
261
2
9
4798
2
7
6
2842
6
2022
2904
7
905
6
2559
2034
500
3088
11
5038
195
417
8
113
5292
52
6
856
7
2415
53
7953
5
119
343
19
3
8
82
6
6
5
311
25
7
382
418
9
381
17
3047
7456
5
984
6
1809
6
5
29
8
1378
1660
202
10
3
5529
2314
4864
303
3655
5
15
5
5
10
291
1927
5
801
278
10
6
67
171
2314
10
9329
5
261
10
1154
248
2770
500
29
9
5
7
2441
6
10
1866
7
1798
524
5443
9
1486
2539
6
18
6
2168
2498
5
2554
6
1028
2
267
2906
7
6
199
8
3169
5
7
259
456
9
5193
8
1665
13
3179
10
621
7
2083
1419
673
72
1941
2622
347
5
145
10056
1214
189
3418
6
805
453
7
7316
5
5
181
205
1551
8
5500
3809
10
1789
9
4135
6
8
6
6823
21
3
6355
11
96
2283
5
5179
10
9
990
3472
2731
3539
277
6
626
10
4
6
569
5360
1818
6
2926
4
2477
2913
3543
9
5524
2534
13
561
6
2172
37
798
2662
41
3353
3043
6
12
8
2402
566
1752
23
587
419
2629
5287
5335
75
1784
802
7602
55
73
7471
155
2819
5
3052
1380
26
1499
5
6
5
4813
2556
16
269
50
559
104
6
382
8720
4
520
6
869
871
115
217
152
7670
232
6
6
2001
122
9
111
695
737
2072
2604
261
310
1036
2509
8
56
3070
6
3543
9
302
18
5
6
5
3
2973
5
6
268
5
850
148
250
5
3216
8
2268
6
3559
295
2934
7
5
1973
7
6
2926
204
1610
216
1513
28
1594
16
3
8
2586
5161
2302
31
410
4200
3
6
606
115
6634
14
5214
254
4
1793
11
56
926
5321
2284
4
286
229
145
2
3480
4
3515
1546
5
9
2941
2204
112
6
225
5
13
6
519
8
8
3257
1888
3485
10
7464
2257
17
229
589
2778
39
149
2875
20
2332
8
13
715
1431
4
169
215
354
503
25
123
36
6
8
654
6
187
5
5
7
32
18
2636
1815
1152
520
2277
7232
262
11
2991
1529
269
8964
10
135
41
1689
8
2239
13
6
444
6
2683
3884
799
555
1464
337
153
4
10
9
205
5
1677
9003
4
4
621
6
3589
1639
2981
2820
7
3600
2130
8
6
19
2079
52
179
265
7
6
24
2307
5
5931
136
21
3
5
1972
10
8367
2167
92
4
2392
15
1356
1539
9
1726
215
4
152
39
182
1203
67
18
2521
8177
7590
247
1536
5
777
2694
2160
1633
1936
256
1716
1578
6
7
136
4926
64
4079
2030
192
252
887
226
3551
13
9
6
96
9
295
6831
1937
192
3764
7163
25
264
213
102
111
408
2224
7
3464
251
67
64
2604
804
1740
5566
210
207
301
3
881
182
355
197
1897
2517
7356
3
21
566
2384
4648
2259
3
2564
2517
2713
6
2605
5
993
24
208
221
9
5
9853
4
4
18
109
1663
77
9
5
61
223
588
626
142
100
426
2283
4
8
7396
512
3041
7
2011
6
10
195
2
30
163
268
4
3291
8563
1874
3012
5
5435
8
278
3670
2120
9
3
41
635
6414
344
6
3705
8867
1351
42
18
6
70
224
625
1307
464
6106
11307
5
7
5
5
8914
2123
180
4
228
5
5368
6
2509
8
2775
16
6
2
268
1261
10
2740
1900
224
2
2065
3
9
13
6
9484
2770
7
349
56
7430
103
16
4756
6
32
1801
3484
257
8
886
7
2539
309
2627
15
6
147
4296
6
2481
2423
2484
6
846
3
1955
2887
60
8762
2
227
3048
4
532
3232
16
5451
215
11
10004
5435
301
6720
5
6
7113
18
71
419
1780
6
2107
118
1534
11
8106
3
1998
5
9759
552
2351
5
94
5
1374
443
3541
23
5
8
6
9
133
192
5361
5
7903
6997
1354
75
816
6
1039
2
7
14
270
3
1706
1612
11
2075
8
3088
2242
34
1683
2725
399
757
1331
406
10
5
1663
5
87
1794
325
2620
2312
9
1077
8322
3289
74
5
5430
199
4
72
5
2750
509
453
197
1183
256
8
5
319
2150
2779
5
4407
13
1780
9
25
7
237
168
2
68
473
8419
3325
12
35
292
426
5
134
5867
9796
27
133
125
179
1965
6
2131
16
4
1
1934
3
5
6
1699
760
79
785
5
7
344
1024
10
6
236
2598
5
5
94
5
3200
1429
2
11
5
11
3
9590
87
8
143
61
2056
7
6505
243
5
2524
1294
4470
4
1240
8
3642
4
209
7
5
162
8
2298
6
7
5
144
3761
5
2618
39
50
3251
3420
788
2465
16
315
81
1543
3501
169
2626
140
6
3
6
8
6
230
9
6241
821
107
5103
212
148
758
2685
284
524
120
5
1633
105
8615
2461
24
9
2053
6
7
1800
16
6
2622
2
114
2253
1733
40
6324
5709
7
36
2992
2341
2505
1666
204
2347
7
404
1238
1426
51
828
1585
6
8104
6
4
14
5
2917
1863
4
204
8244
10
8
1101
240
4
7392
1742
70
2
2190
1775
1787
2467
2635
123
419
1106
4
4
144
220
2590
11727
5
4256
1937
5
6
1861
164
4
43
43
5
2087
5
6
369
172
101
2025
266
558
4338
3103
715
167
1789
10
1400
339
7
1729
391
8589
2
195
25
12
2375
151
1848
9
229
2332
5
1137
598
29
2481
362
8
98
10
67
915
230
2571
3274
2185
5
322
1572
243
377
5
6
4882
284
2495
626
4
10
267
2145
57
550
4
2099
2185
7
3
2587
915
13
12
6
23
24
4
141
6
8
369
6
2920
669
7389
646
5
628
542
2961
5
3736
2061
2897
5
1858
6
387
15
2846
3
5
101
20
7
2285
12
2
111
7482
2
5
414
2
3354
2301
1927
1736
285
8
375
4830
738
1426
1187
242
6
168
6
72
2825
5
175
2991
206
1192
6
6238
107
965
1726
4854
5
1613
783
533
1667
11
5
2458
3258
6
310
1115
7
7
7
3441
15
5
9
5
4746
5
281
833
603
3
1934
2
18
98
109
8
147
3362
115
19
3
6489
5
3
691
12
2885
333
5
7
43
2912
17
244
6
2029
9
205
2041
269
3127
6
2840
1232
3045
14
1801
5363
27
23
5
3924
2
281
259
829
2032
7
4
2044
1942
201
1560
5
1565
11
6
2300
422
771
7
485
550
4
499
1719
2040
291
3515
1263
2192
2534
5
96
7
248
79
1429
6
2911
6
6
220
67
5
532
3790
15
6
42
9
4092
1848
10
6
13
115
54
6
5
6
9
1817
6
741
3210
3497
5050
150
3733
126
125
5
6
8597
27
5
5
8
215
1953
1953
2
90
1438
5
832
18
3
4
130
4
2
6
135
53
6
5
1513
5
6
1935
87
500
5
4
13
2559
653
2554
2008
325
20
2724
319
16
451
8
3
2956
5
8400
1907
7
4
154
7967
526
634
6644
68
203
3715
2634
751
5128
3358
10
206
1786
4
568
223
9889
2370
2630
26
3233
841
110
2414
1084
9754
5255
210
714
3337
1995
16
523
2021
3227
551
